start=79.583333
speed=1.948717
