start=814.567000
speed=1.948717
fullscreen=yes
