start=1140.640000
speed=4.177248
sid=no
