start=1812.625000
speed=1.771561
pause=yes
