start=4819.640000
speed=1.948717
pause=yes
