start=1900.067000
speed=1.948717
fullscreen=yes
