start=2031.533000
speed=1.948717
fullscreen=yes
