start=4963.939155
speed=2.593742
pause=yes
