start=4827.400000
speed=3.797498
