start=1423.375000
speed=1.000000
